908646
416691
282070
357357
999446
728144
735143
2686103
264162
407034
978178
1060097
4053619
1668490
1776799
1223173
446762
1631602
408488
277008
301843
349905
932549
208592
2348451
222774
948149
6117533
274866
1592106
176541
514284
2792944
177062
272847
4241058
1724749
394421
221340
564906
1203563
1407098
178426
264925
344331
733905
931645
1983386
361660
1856565
176720
176503
666513
2199443
282611
260899
2281761
1223044
368531
1084352
477094
6239950
669111
2185170
1491279
1015022
488524
186167
2461253
287219
301508
7225617
996897
5692173
268154
1608668
1432587
176242
185436
1924228
1687312
911306
1607335
1328077
1302587
2761429
1924614
5700849
354743
192511
282952
1713249
274710
321159
680656
1225681
273129
758513
798246
2253154
4755086
357640
1425641
1696302
378282
3963440
236551
493658
4227315
482383
424916
818397
6110491
4842411
805317
1629140
224335
186236
282181
6444194
1132908
2348921
1273066
1332655
285032
665246
1437756
1635936
413405
1819977
751245
2163144
267423
1249784
1656667
266765
3664531
1484785
923663
1253302
1666564
7255332
342806
491567
924128
894095
197284
6674053
550443
1369593
1265863
458805
935083
3189170
1502083
698328
281241
592584
273624
1173107
192814
1937628
1730657
530826
447651
1473083
1247163
6244156
234609
5986969
263797
328575
735449
2342979
2662262
1199220
691812
646701
258913
569663
7602209
175939
3948153
4994986
177061
1739010
497500
2588785
1188432
1232046
180387
3205474
1370052
216753
746301
269736
741878
3333841
851805
396002
640129
821960
1990286
4008883
407801
1741703
176560
2233540
494013
319724
179144
286849
745506
1510505
186158
739295
311933
1247280
529745
1947471
236386
853664
2406761
272457
179090
5108461
368867
2733529
267944
1780410
329277
2692297
272350
1228498
179025
177012
177575
1499129
2296209
179703
175911
271319
6505828
191946
179592
2732174
5121184
177879
2690334
267388
369824
1089970
7538246
1928459
6275060
298170
4302659
300968
260518
2291568
912904
4058512
289218
6034361
178998
547708
373528
358947
1956358
359925
268045
929110
2512506
712291
6361214
6212336
2199195
273124
179570
2862493
270288
1126720
2857879
2006658
945695
2540954
177178
180247
965526
2374128
992840
1948686
796378
179500
1469356
481470
2129355
300735
465153
2011720
1839134
3745375
6920137
954843
378171
328624
186227
839552
1607758
1072306
1072674
1654671
1820362
908280
230871
1549588
5744306
4497557
981326
176016
6361367
799410
3661054
800242
615210
490013
817719
385401
5416562
3190608
958074
288251
282692
2472171
6411405
798194
1963394
1998762
309691
280684
2733612
2866381
176475
1451477
3445827
205757
313774
223827
3581341
772168
391579
241396
480506
3449187
1680366
573967
5085793
2668453
5158942
1221608
295131
3269523
818940
6302247
1007266
911412
297274
793261
6459993
2587491
496825
707994
924726
1008899
1341521
1562237
2403165
403193
583999
2758495
3337691
1477532
4416138
1365714
375629
182098
1996084
275536
1823011
3033628
422870
352409
425381
3951014
176590
3833309
736754
1273348
5478675
176249
4140605
1275840
2154742
942865
3267985
4337694
6545762
1098882
935275
1119146
1190867
1284264
368038
3621525
284274
805833
273065
1921928
369333
3143404
428468
2496553
1060101
284916
1005432
5605540
867558
307846
2157170
2360799
266198
281908
1883724
1459155
276264
2873657
490621
193716
1128268
1662224
2611490
358929
1758621
184606
1181119
1958411
2361230
3036885
3558604
2184566
2558624
237701
803980
186008
7231820
381669
2390990
5581263
1780697
1358324
4313083
913421
1477770
350855
176327
176244
361440
739482
348933
744480
316429
316968
264407
675751
2448419
177379
1434073
496613
4227190
3164790
1662529
307511
1711637
1662442
541300
192940
878821
2799319
738615
4872131
3791745
975850
312967
187849
496423
266478
1045590
5141197
6150976
2554926
