1766763
3693641
181989
1865726
1011598
1396031
6903946
163087
3328772
1845576
866264
2446572
5238986
6797802
3786003
1572243
630942
292816
1089185
231360
4623177
1952100
1433745
4425879
3919235
161076
211528
407572
855982
536647
901610
1485764
170870
7308721
189062
1001476
2042159
1223528
2788585
162510
160968
1502364
1797844
567242
1746417
1951168
6076399
613329
283085
721693
711149
1177998
640016
3986822
5944198
1763383
160980
162820
2949478
2531175
742778
3461689
4380602
2011070
837766
7085354
883762
877855
164598
2317343
3932259
2749061
926680
1826126
1000818
2503412
1961001
2172274
2629595
744616
162930
5306793
1624780
160963
1730563
4660214
5009476
3937965
1001754
186041
768439
587782
160710
497479
167865
160995
1618041
286087
5464883
1839625
2192526
3001443
1961002
1521269
160930
925097
6416361
543683
2207537
1913354
164372
3599348
1898258
2950491
502036
2329136
161024
1163212
1294640
1007153
1922541
952041
166266
187798
161027
2158241
256964
3621604
4528057
800081
6416362
639207
6214571
2917289
1014487
1184341
946297
2355915
1030364
1256006
4156713
165873
935189
735454
778793
3907577
698471
2099643
755974
1003674
4653561
1237679
2745672
225186
646490
213274
163079
1027529
1176936
161706
734548
226296
1980053
1329173
545805
5177504
1648442
974793
1557208
161064
216599
1037344
163081
1912519
161698
373002
175040
3423698
959480
166420
1772940
4567886
1301075
163895
4374676
2017874
921977
5536547
1359341
567090
3974740
2531437
445165
192145
1465769
712253
235235
1719106
204103
166540
1216338
1543888
3767896
2738993
5559534
211160
168376
3580461
160631
6182150
4023129
1827268
1692393
4858942
739239
363451
6574401
2213541
3149292
1855455
449615
160986
1258646
1537603
961416
2042157
5961594
302470
4524863
162087
998621
226541
862943
725651
1535934
1207844
1236184
1952180
5671476
1333063
1218170
455387
697694
269905
801034
963630
2992899
1071874
3340104
1083835
628117
516392
3982618
543451
875955
416846
5248722
4218040
1365877
712550
160833
166838
1666597
517058
3696912
941051
5626959
2092262
3254625
164031
570754
926129
162800
167252
1513156
2249216
205413
4283572
929015
2520996
228993
1124667
162876
4127629
4295883
347288
1539146
2554942
1081244
221203
914461
1796452
161026
5433123
163797
4707842
160971
184343
2948234
1930672
3429823
914869
357603
642500
216000
6046992
744306
1251979
187734
4001754
164424
6037684
972389
731489
1841302
351823
688306
691419
776593
824939
1749636
905958
1571538
160872
182948
3381754
166213
6004420
214043
1723150
172852
1255037
2673786
1521450
1084532
2838514
4241725
166920
3665103
740534
2876442
849853
2430136
3428829
292224
170634
1841555
3290487
812770
166487
815562
1118137
2084030
4432500
166427
5783946
164291
2317342
379753
302471
160790
188870
5013748
2268423
1780114
2497717
162705
3445609
2565719
171286
174704
1276017
1978362
166270
1482483
1725440
5371859
1065645
3251896
172262
3003636
2250917
5121674
5108518
851146
1112168
691029
191921
304017
203966
2153813
1783042
188427
593434
2529402
167403
2451650
3926380
1498627
3557659
187603
2376845
5671699
1657274
160871
3114519
2644486
1959415
436416
169506
2554176
1556835
161732
3113360
6055894
3491913
161143
1447117
1892535
1544412
1256635
199206
759371
641715
448762
4352279
3420705
1522509
230685
182248
302830
3028422
254405
618099
3847411
190532
473622
383662
177408
165513
833512
163479
920650
2990741
1017575
990805
1140177
6040112
4798870
1260717
163367
733985
193198
1098835
1748592
2606439
173215
1911607
468027
174950
1623273
170358
1003739
270192
1767392
189497
2377102
1025559
1074311
208539
2621730
957472
2041188
2267637
1809348
1911482
163443
287012
172414
2615499
3460245
2062351
1964186
964438
160979
5088524
1017737
1002596
1245314
915785
276170
203808
3878052
161110
1933905
356441
169141
982978
381210
2770683
