73914257
73912057
73901544
73883305
73878383
73876004
73873709
73871711
73869836
73792786
73789264
73741441
73738984
73736432
73732679
73730260
73727358
73725529
73717169
73648701
73600418
73520241
73517914
73516245
73511582
73508244
73505719
73503299
73541429
73498941
73473929
73383102
73378818
73376077
73246439
73220294
73214904
73210677
73205152
73201968
73199987
73197406
73195120
73193646
73103528
73099359
73096668
73093020
72936935
72933567
72930051
72926992
72923673
72920508
72918412
72919075
72914918
72912957
72911368
72921025
72736685
72667945
72499321
72366566
72362795
72359051
72355878
72353094
72349068
72227182
72224824
72222101
72105525
72103143
72101059
72099058
72090582
72088168
72085624
72081897
71975728
71967717
71965474
71962503
71957934
71860775
71855429
71851794
71847530
71842438
71838820
71834950
71831450
71827079
71742222
71739045
71735442
71732125
71673289
71669708
71642261
71551333
71320717
71317405
71306449
71304269
71302986
71297768
71303692
71156816
71041330
71038926
71035266
71032325
71029013
71024619
71021821
70873132
70870376
70863340
70859834
70858444
70853054
70849834
70847338
70570824
70566435
70563080
70541699
70423250
70421142
70418559
70416129
70413558
70345401
70341636
70292869
70289833
70285977
70283842
70281593
70177339
70173277
70169568
70157113
70148869
70149532
70143342
70140590
70149536
70148048
70149493
70149443
70129876
70016821
70012789
70010050
70007221
70007618
70001006
70014575
69994811
69835524
69838895
69829185
69827567
69829943
69822121
69820336
69818464
69816324
69556973
69573655
69551385
69548415
69546935
69414327
69411864
69408635
69406703
69322790
69321182
69313265
69304015
69299588
69299109
69318200
69290446
69297488
69162573
69163579
69156853
69154759
69152209
69149639
69057455
69065637
69050078
69086588
69042890
69035875
69032627
69029189
69025133
69021581
69016833
69013479
68904399
68901198
68898861
68896888
68894749
68890324
68887768
68884208
68881153
68828070
68744366
68724389
68722142
68615243
68611815
68608321
68605215
68646867
68552275
68550367
68554178
68528631
68526372
68525082
68365120
68362937
68360414
68357173
68355472
68353667
68352339
68351889
68354948
68347307
68275698
68260373
68257387
68252941
68250738
68248127
68246602
68245270
68248610
68242135
68146930
68143537
68136647
68133360
68131609
68129461
68127396
68124373
68122390
67882727
67880446
67876985
67874261
67872225
67873045
67862290
67741218
67737931
67730035
67718805
67623444
67620486
67617126
67614629
67612537
67610263
67608155
67653196
67653144
67594365
67513059
67510355
67506663
67503902
67516185
67381479
67377795
67373742
67371317
67369345
67367881
67365335
67363320
67361955
67247604
67245313
67246828
67246820
67241716
